spawns: 
  default: 
    world: Boost_world
    x: 0.3848929851083798
    y: 5.0
    z: 0.474611273487666
    yaw: 87.02785
    pitch: -8.700265
