world: Boost_world
x: 236.37664876850272
y: 8.0
z: 278.4143209052247
yaw: 154.492
pitch: -34.56558
name: city
lastowner: bdc83502-6d75-4c26-a633-729e9ed81aee
