world: Boost_world
x: -5.594578918160064
y: 4.0
z: 8.04478443470553
yaw: -321.9929
pitch: 15.166216
name: Help
lastowner: bdc83502-6d75-4c26-a633-729e9ed81aee
