world: Boost_world
x: 361.7115039909252
y: 47.5
z: -284.0902934826019
yaw: 282.50458
pitch: -31.679188
name: ship
lastowner: bdc83502-6d75-4c26-a633-729e9ed81aee
